{
 "metadata": {
  "name": ""
 },
 "nbformat": 3,
 "nbformat_minor": 0,
 "worksheets": [
  {
   "cells": [
    {
     "cell_type": "code",
     "collapsed": false,
     "input": [
      "cd /home/jose/Documentos/Datos_Canete"
     ],
     "language": "python",
     "metadata": {},
     "outputs": [
      {
       "output_type": "stream",
       "stream": "stdout",
       "text": [
        "/home/jose/Documentos/Datos_Canete\n"
       ]
      }
     ],
     "prompt_number": 31
    },
    {
     "cell_type": "code",
     "collapsed": false,
     "input": [
      "import pandas as pd\n",
      "import pylab as pl\n",
      "import numpy as np\n",
      "import random as rd"
     ],
     "language": "python",
     "metadata": {},
     "outputs": [],
     "prompt_number": 2
    },
    {
     "cell_type": "code",
     "collapsed": false,
     "input": [
      "caudales=pd.read_excel('Caudales.xlsx','Hoja1')"
     ],
     "language": "python",
     "metadata": {},
     "outputs": [],
     "prompt_number": 34
    },
    {
     "cell_type": "code",
     "collapsed": false,
     "input": [
      "caudales.head()"
     ],
     "language": "python",
     "metadata": {},
     "outputs": [
      {
       "html": [
        "<div style=\"max-height:1000px;max-width:1500px;overflow:auto;\">\n",
        "<table border=\"1\" class=\"dataframe\">\n",
        "  <thead>\n",
        "    <tr style=\"text-align: right;\">\n",
        "      <th></th>\n",
        "      <th>STA</th>\n",
        "      <th>ANO</th>\n",
        "      <th>ENE</th>\n",
        "      <th>FEB</th>\n",
        "      <th>MAR</th>\n",
        "      <th>ABR</th>\n",
        "      <th>MAY</th>\n",
        "      <th>JUN</th>\n",
        "      <th>JUL</th>\n",
        "      <th>AGO</th>\n",
        "      <th>SEP</th>\n",
        "      <th>OCT</th>\n",
        "      <th>NOV</th>\n",
        "      <th>DIC</th>\n",
        "    </tr>\n",
        "  </thead>\n",
        "  <tbody>\n",
        "    <tr>\n",
        "      <th>0</th>\n",
        "      <td> 103</td>\n",
        "      <td> 1962</td>\n",
        "      <td> 16.04226</td>\n",
        "      <td>  8.71674</td>\n",
        "      <td> 5.42733</td>\n",
        "      <td> 5.65920</td>\n",
        "      <td> 1.68990</td>\n",
        "      <td> 0.91176</td>\n",
        "      <td> 0.76635</td>\n",
        "      <td> 0.85674</td>\n",
        "      <td> 0.97464</td>\n",
        "      <td> 0.70740</td>\n",
        "      <td> 0.94713</td>\n",
        "      <td> 0.98250</td>\n",
        "    </tr>\n",
        "    <tr>\n",
        "      <th>1</th>\n",
        "      <td> 103</td>\n",
        "      <td> 1963</td>\n",
        "      <td> 12.59958</td>\n",
        "      <td> 16.14051</td>\n",
        "      <td> 8.97612</td>\n",
        "      <td> 6.32730</td>\n",
        "      <td> 2.05146</td>\n",
        "      <td> 1.46196</td>\n",
        "      <td> 1.11219</td>\n",
        "      <td> 1.12005</td>\n",
        "      <td> 0.87639</td>\n",
        "      <td> 0.92355</td>\n",
        "      <td> 1.65453</td>\n",
        "      <td> 1.78815</td>\n",
        "    </tr>\n",
        "    <tr>\n",
        "      <th>2</th>\n",
        "      <td> 103</td>\n",
        "      <td> 1964</td>\n",
        "      <td>  2.17329</td>\n",
        "      <td>  4.41339</td>\n",
        "      <td> 4.55880</td>\n",
        "      <td> 2.68026</td>\n",
        "      <td> 1.65846</td>\n",
        "      <td> 1.41087</td>\n",
        "      <td> 1.22616</td>\n",
        "      <td> 1.15935</td>\n",
        "      <td> 0.92748</td>\n",
        "      <td> 0.57771</td>\n",
        "      <td> 0.83316</td>\n",
        "      <td> 1.23795</td>\n",
        "    </tr>\n",
        "    <tr>\n",
        "      <th>3</th>\n",
        "      <td> 103</td>\n",
        "      <td> 1965</td>\n",
        "      <td>  1.24974</td>\n",
        "      <td>  3.72564</td>\n",
        "      <td> 3.89463</td>\n",
        "      <td> 1.78422</td>\n",
        "      <td> 1.17507</td>\n",
        "      <td> 1.11612</td>\n",
        "      <td> 0.98643</td>\n",
        "      <td> 0.95106</td>\n",
        "      <td> 0.86460</td>\n",
        "      <td> 0.79386</td>\n",
        "      <td> 0.54234</td>\n",
        "      <td> 1.14363</td>\n",
        "    </tr>\n",
        "    <tr>\n",
        "      <th>4</th>\n",
        "      <td> 103</td>\n",
        "      <td> 1966</td>\n",
        "      <td>  1.04145</td>\n",
        "      <td>  2.41302</td>\n",
        "      <td> 3.17544</td>\n",
        "      <td> 1.01394</td>\n",
        "      <td> 0.95892</td>\n",
        "      <td> 0.77814</td>\n",
        "      <td> 0.71526</td>\n",
        "      <td> 0.69168</td>\n",
        "      <td> 0.60129</td>\n",
        "      <td> 0.65631</td>\n",
        "      <td> 1.23009</td>\n",
        "      <td> 1.46982</td>\n",
        "    </tr>\n",
        "  </tbody>\n",
        "</table>\n",
        "</div>"
       ],
       "metadata": {},
       "output_type": "pyout",
       "prompt_number": 35,
       "text": [
        "   STA   ANO       ENE       FEB      MAR      ABR      MAY      JUN      JUL  \\\n",
        "0  103  1962  16.04226   8.71674  5.42733  5.65920  1.68990  0.91176  0.76635   \n",
        "1  103  1963  12.59958  16.14051  8.97612  6.32730  2.05146  1.46196  1.11219   \n",
        "2  103  1964   2.17329   4.41339  4.55880  2.68026  1.65846  1.41087  1.22616   \n",
        "3  103  1965   1.24974   3.72564  3.89463  1.78422  1.17507  1.11612  0.98643   \n",
        "4  103  1966   1.04145   2.41302  3.17544  1.01394  0.95892  0.77814  0.71526   \n",
        "\n",
        "       AGO      SEP      OCT      NOV      DIC  \n",
        "0  0.85674  0.97464  0.70740  0.94713  0.98250  \n",
        "1  1.12005  0.87639  0.92355  1.65453  1.78815  \n",
        "2  1.15935  0.92748  0.57771  0.83316  1.23795  \n",
        "3  0.95106  0.86460  0.79386  0.54234  1.14363  \n",
        "4  0.69168  0.60129  0.65631  1.23009  1.46982  "
       ]
      }
     ],
     "prompt_number": 35
    },
    {
     "cell_type": "code",
     "collapsed": false,
     "input": [
      "Entrenamiento=caudales[:40]\n",
      "test=caudales[40:]"
     ],
     "language": "python",
     "metadata": {},
     "outputs": [],
     "prompt_number": 36
    },
    {
     "cell_type": "code",
     "collapsed": false,
     "input": [
      "Entrenamiento.__delitem__('STA')\n",
      "Entrenamiento.__delitem__('ANO')\n",
      "test.__delitem__('STA')\n",
      "test.__delitem__('ANO')\n"
     ],
     "language": "python",
     "metadata": {},
     "outputs": [],
     "prompt_number": 37
    },
    {
     "cell_type": "code",
     "collapsed": false,
     "input": [
      "Entrenamiento.transpose().plot()\n",
      "pl.show()"
     ],
     "language": "python",
     "metadata": {},
     "outputs": [],
     "prompt_number": 38
    },
    {
     "cell_type": "code",
     "collapsed": false,
     "input": [
      "Entrenamiento.boxplot()\n",
      "pl.show()"
     ],
     "language": "python",
     "metadata": {},
     "outputs": [],
     "prompt_number": 39
    },
    {
     "cell_type": "code",
     "collapsed": false,
     "input": [
      "Matriz=np.array(Entrenamiento)\n",
      "Matriz=Matriz.reshape(40*12)\n",
      "pl.plot(Matriz)\n",
      "pl.xlabel('Tiempo')\n",
      "pl.ylabel('Caudal m3/s')\n",
      "pl.show()"
     ],
     "language": "python",
     "metadata": {},
     "outputs": [],
     "prompt_number": 40
    },
    {
     "cell_type": "code",
     "collapsed": false,
     "input": [
      "minimos=list(Entrenamiento.min())\n",
      "maximos=list(Entrenamiento.max())\n",
      "std=list(Entrenamiento.std())\n",
      "promedio=list(Entrenamiento.mean())\n",
      "correl=[.087,.6425,.4708,.1443,.6595,.818,.9034,.321,.7649,.4225,.4815,.7079]\n",
      "\n",
      "b=[] #\"b\" es la pendiente de la ecuaci\u00f3n de regresi\u00f3n entre el caudal del mes actual con el caudal del mes anterior\n",
      "for num in range(12):\n",
      "    b.append(correl[num]*(std[num]/std[-1+num]))\n",
      "ruido=[]\n",
      "for num in range(480):\n",
      "    ruido.append(rd.normalvariate(0,1))\n"
     ],
     "language": "python",
     "metadata": {},
     "outputs": [],
     "prompt_number": 49
    },
    {
     "cell_type": "code",
     "collapsed": false,
     "input": [
      "mini=[]\n",
      "maxi=[]\n",
      "stad=[]\n",
      "prome=[]\n",
      "corr=[]\n",
      "pendi=[]\n",
      "for n in range(40):\n",
      "    mini=mini+minimos\n",
      "    maxi=maxi+maximos\n",
      "    stad=stad+std\n",
      "    prome=prome+promedio\n",
      "    corr=corr+correl\n",
      "    pendi=pendi+b"
     ],
     "language": "python",
     "metadata": {},
     "outputs": [],
     "prompt_number": 50
    },
    {
     "cell_type": "code",
     "collapsed": false,
     "input": [
      "simulado=[16.04226]\n",
      "for i in range(480):\n",
      "    simulado.append(abs(prome[i]+corr[i]*(simulado[-1]-prome[i])+stad[i]*ruido[i]*(1-corr[i]**2)**.5))"
     ],
     "language": "python",
     "metadata": {},
     "outputs": [],
     "prompt_number": 51
    },
    {
     "cell_type": "code",
     "collapsed": false,
     "input": [
      "pl.plot(simulado)\n",
      "pl.plot(Matriz)\n",
      "pl.xlabel('Tiempo')\n",
      "pl.ylabel('Caudal en m3/s')\n",
      "pl.title('Thomas y Fiering')\n",
      "pl.legend(['simulado','observado'])\n",
      "pl.show()"
     ],
     "language": "python",
     "metadata": {},
     "outputs": [],
     "prompt_number": 52
    },
    {
     "cell_type": "code",
     "collapsed": false,
     "input": [
      "TEST=np.array(test)\n",
      "TEST=TEST.reshape(60)\n",
      "simulado2=[4.0086]\n",
      "for i in range(60):\n",
      "    simulado2.append(abs(prome[i]+corr[i]*(simulado2[-1]-prome[i])+stad[i]*ruido[i]*(1-corr[i]**2)**.5))\n",
      "    \n",
      "pl.plot(simulado2)\n",
      "pl.plot(TEST)\n",
      "pl.xlabel('Tiempo')\n",
      "pl.ylabel('Caudal en m3/s')\n",
      "pl.title('Validacion del 2002-2006')\n",
      "pl.legend(['simulado','observado'])\n",
      "pl.show()"
     ],
     "language": "python",
     "metadata": {},
     "outputs": [],
     "prompt_number": 55
    },
    {
     "cell_type": "code",
     "collapsed": false,
     "input": [
      "#cuanto explica nuestro modelo calculando el R\n",
      "n1=np.mean(TEST)\n",
      "#la variacion total es:\n",
      "var=[]\n",
      "varsim=[]\n",
      "for i in range(len(TEST)):\n",
      "    var.append((TEST[i]-n1)**2)\n",
      "    varsim.append((simulado2[i]-TEST[i])**2)\n",
      "TotalVar=sum(var)   \n",
      "TotalVarSim=sum(varsim)\n",
      "\n",
      "R=1-TotalVarSim/TotalVar"
     ],
     "language": "python",
     "metadata": {},
     "outputs": [],
     "prompt_number": 54
    },
    {
     "cell_type": "code",
     "collapsed": false,
     "input": [
      "TotalVarSim"
     ],
     "language": "python",
     "metadata": {},
     "outputs": [
      {
       "metadata": {},
       "output_type": "pyout",
       "prompt_number": 18,
       "text": [
        "571.1530088740858"
       ]
      }
     ],
     "prompt_number": 18
    },
    {
     "cell_type": "code",
     "collapsed": false,
     "input": [],
     "language": "python",
     "metadata": {},
     "outputs": [],
     "prompt_number": 214
    },
    {
     "cell_type": "code",
     "collapsed": false,
     "input": [
      "R"
     ],
     "language": "python",
     "metadata": {},
     "outputs": [
      {
       "metadata": {},
       "output_type": "pyout",
       "prompt_number": 215,
       "text": [
        "0.23758527398763196"
       ]
      }
     ],
     "prompt_number": 215
    },
    {
     "cell_type": "code",
     "collapsed": false,
     "input": [
      "Entrenamiento.corr()"
     ],
     "language": "python",
     "metadata": {},
     "outputs": [
      {
       "html": [
        "<div style=\"max-height:1000px;max-width:1500px;overflow:auto;\">\n",
        "<table border=\"1\" class=\"dataframe\">\n",
        "  <thead>\n",
        "    <tr style=\"text-align: right;\">\n",
        "      <th></th>\n",
        "      <th>ENE</th>\n",
        "      <th>FEB</th>\n",
        "      <th>MAR</th>\n",
        "      <th>ABR</th>\n",
        "      <th>MAY</th>\n",
        "      <th>JUN</th>\n",
        "      <th>JUL</th>\n",
        "      <th>AGO</th>\n",
        "      <th>SEP</th>\n",
        "      <th>OCT</th>\n",
        "      <th>NOV</th>\n",
        "      <th>DIC</th>\n",
        "    </tr>\n",
        "  </thead>\n",
        "  <tbody>\n",
        "    <tr>\n",
        "      <th>ENE</th>\n",
        "      <td> 1.000000</td>\n",
        "      <td> 0.642551</td>\n",
        "      <td> 0.205949</td>\n",
        "      <td> 0.350545</td>\n",
        "      <td> 0.368477</td>\n",
        "      <td> 0.237676</td>\n",
        "      <td> 0.210614</td>\n",
        "      <td> 0.249499</td>\n",
        "      <td> 0.231733</td>\n",
        "      <td> 0.147526</td>\n",
        "      <td> 0.036058</td>\n",
        "      <td> 0.087499</td>\n",
        "    </tr>\n",
        "    <tr>\n",
        "      <th>FEB</th>\n",
        "      <td> 0.642551</td>\n",
        "      <td> 1.000000</td>\n",
        "      <td> 0.470847</td>\n",
        "      <td> 0.370214</td>\n",
        "      <td> 0.572908</td>\n",
        "      <td> 0.499768</td>\n",
        "      <td> 0.442146</td>\n",
        "      <td> 0.499950</td>\n",
        "      <td> 0.397593</td>\n",
        "      <td> 0.272047</td>\n",
        "      <td> 0.013565</td>\n",
        "      <td> 0.141558</td>\n",
        "    </tr>\n",
        "    <tr>\n",
        "      <th>MAR</th>\n",
        "      <td> 0.205949</td>\n",
        "      <td> 0.470847</td>\n",
        "      <td> 1.000000</td>\n",
        "      <td> 0.144370</td>\n",
        "      <td> 0.413316</td>\n",
        "      <td> 0.384203</td>\n",
        "      <td> 0.360650</td>\n",
        "      <td> 0.358831</td>\n",
        "      <td> 0.375550</td>\n",
        "      <td> 0.242754</td>\n",
        "      <td>-0.053892</td>\n",
        "      <td> 0.180855</td>\n",
        "    </tr>\n",
        "    <tr>\n",
        "      <th>ABR</th>\n",
        "      <td> 0.350545</td>\n",
        "      <td> 0.370214</td>\n",
        "      <td> 0.144370</td>\n",
        "      <td> 1.000000</td>\n",
        "      <td> 0.659548</td>\n",
        "      <td> 0.506502</td>\n",
        "      <td> 0.424877</td>\n",
        "      <td> 0.062524</td>\n",
        "      <td> 0.116200</td>\n",
        "      <td> 0.123737</td>\n",
        "      <td>-0.067918</td>\n",
        "      <td> 0.095305</td>\n",
        "    </tr>\n",
        "    <tr>\n",
        "      <th>MAY</th>\n",
        "      <td> 0.368477</td>\n",
        "      <td> 0.572908</td>\n",
        "      <td> 0.413316</td>\n",
        "      <td> 0.659548</td>\n",
        "      <td> 1.000000</td>\n",
        "      <td> 0.818072</td>\n",
        "      <td> 0.660162</td>\n",
        "      <td> 0.169392</td>\n",
        "      <td> 0.087796</td>\n",
        "      <td> 0.186213</td>\n",
        "      <td>-0.015249</td>\n",
        "      <td> 0.321185</td>\n",
        "    </tr>\n",
        "    <tr>\n",
        "      <th>JUN</th>\n",
        "      <td> 0.237676</td>\n",
        "      <td> 0.499768</td>\n",
        "      <td> 0.384203</td>\n",
        "      <td> 0.506502</td>\n",
        "      <td> 0.818072</td>\n",
        "      <td> 1.000000</td>\n",
        "      <td> 0.903438</td>\n",
        "      <td> 0.270832</td>\n",
        "      <td> 0.144868</td>\n",
        "      <td> 0.168569</td>\n",
        "      <td> 0.031637</td>\n",
        "      <td> 0.221728</td>\n",
        "    </tr>\n",
        "    <tr>\n",
        "      <th>JUL</th>\n",
        "      <td> 0.210614</td>\n",
        "      <td> 0.442146</td>\n",
        "      <td> 0.360650</td>\n",
        "      <td> 0.424877</td>\n",
        "      <td> 0.660162</td>\n",
        "      <td> 0.903438</td>\n",
        "      <td> 1.000000</td>\n",
        "      <td> 0.321052</td>\n",
        "      <td> 0.249752</td>\n",
        "      <td> 0.212348</td>\n",
        "      <td> 0.134185</td>\n",
        "      <td> 0.217443</td>\n",
        "    </tr>\n",
        "    <tr>\n",
        "      <th>AGO</th>\n",
        "      <td> 0.249499</td>\n",
        "      <td> 0.499950</td>\n",
        "      <td> 0.358831</td>\n",
        "      <td> 0.062524</td>\n",
        "      <td> 0.169392</td>\n",
        "      <td> 0.270832</td>\n",
        "      <td> 0.321052</td>\n",
        "      <td> 1.000000</td>\n",
        "      <td> 0.764994</td>\n",
        "      <td> 0.301286</td>\n",
        "      <td> 0.198491</td>\n",
        "      <td> 0.136684</td>\n",
        "    </tr>\n",
        "    <tr>\n",
        "      <th>SEP</th>\n",
        "      <td> 0.231733</td>\n",
        "      <td> 0.397593</td>\n",
        "      <td> 0.375550</td>\n",
        "      <td> 0.116200</td>\n",
        "      <td> 0.087796</td>\n",
        "      <td> 0.144868</td>\n",
        "      <td> 0.249752</td>\n",
        "      <td> 0.764994</td>\n",
        "      <td> 1.000000</td>\n",
        "      <td> 0.422501</td>\n",
        "      <td> 0.136313</td>\n",
        "      <td>-0.065463</td>\n",
        "    </tr>\n",
        "    <tr>\n",
        "      <th>OCT</th>\n",
        "      <td> 0.147526</td>\n",
        "      <td> 0.272047</td>\n",
        "      <td> 0.242754</td>\n",
        "      <td> 0.123737</td>\n",
        "      <td> 0.186213</td>\n",
        "      <td> 0.168569</td>\n",
        "      <td> 0.212348</td>\n",
        "      <td> 0.301286</td>\n",
        "      <td> 0.422501</td>\n",
        "      <td> 1.000000</td>\n",
        "      <td> 0.481548</td>\n",
        "      <td> 0.455119</td>\n",
        "    </tr>\n",
        "    <tr>\n",
        "      <th>NOV</th>\n",
        "      <td> 0.036058</td>\n",
        "      <td> 0.013565</td>\n",
        "      <td>-0.053892</td>\n",
        "      <td>-0.067918</td>\n",
        "      <td>-0.015249</td>\n",
        "      <td> 0.031637</td>\n",
        "      <td> 0.134185</td>\n",
        "      <td> 0.198491</td>\n",
        "      <td> 0.136313</td>\n",
        "      <td> 0.481548</td>\n",
        "      <td> 1.000000</td>\n",
        "      <td> 0.707922</td>\n",
        "    </tr>\n",
        "    <tr>\n",
        "      <th>DIC</th>\n",
        "      <td> 0.087499</td>\n",
        "      <td> 0.141558</td>\n",
        "      <td> 0.180855</td>\n",
        "      <td> 0.095305</td>\n",
        "      <td> 0.321185</td>\n",
        "      <td> 0.221728</td>\n",
        "      <td> 0.217443</td>\n",
        "      <td> 0.136684</td>\n",
        "      <td>-0.065463</td>\n",
        "      <td> 0.455119</td>\n",
        "      <td> 0.707922</td>\n",
        "      <td> 1.000000</td>\n",
        "    </tr>\n",
        "  </tbody>\n",
        "</table>\n",
        "</div>"
       ],
       "metadata": {},
       "output_type": "pyout",
       "prompt_number": 41,
       "text": [
        "          ENE       FEB       MAR       ABR       MAY       JUN       JUL  \\\n",
        "ENE  1.000000  0.642551  0.205949  0.350545  0.368477  0.237676  0.210614   \n",
        "FEB  0.642551  1.000000  0.470847  0.370214  0.572908  0.499768  0.442146   \n",
        "MAR  0.205949  0.470847  1.000000  0.144370  0.413316  0.384203  0.360650   \n",
        "ABR  0.350545  0.370214  0.144370  1.000000  0.659548  0.506502  0.424877   \n",
        "MAY  0.368477  0.572908  0.413316  0.659548  1.000000  0.818072  0.660162   \n",
        "JUN  0.237676  0.499768  0.384203  0.506502  0.818072  1.000000  0.903438   \n",
        "JUL  0.210614  0.442146  0.360650  0.424877  0.660162  0.903438  1.000000   \n",
        "AGO  0.249499  0.499950  0.358831  0.062524  0.169392  0.270832  0.321052   \n",
        "SEP  0.231733  0.397593  0.375550  0.116200  0.087796  0.144868  0.249752   \n",
        "OCT  0.147526  0.272047  0.242754  0.123737  0.186213  0.168569  0.212348   \n",
        "NOV  0.036058  0.013565 -0.053892 -0.067918 -0.015249  0.031637  0.134185   \n",
        "DIC  0.087499  0.141558  0.180855  0.095305  0.321185  0.221728  0.217443   \n",
        "\n",
        "          AGO       SEP       OCT       NOV       DIC  \n",
        "ENE  0.249499  0.231733  0.147526  0.036058  0.087499  \n",
        "FEB  0.499950  0.397593  0.272047  0.013565  0.141558  \n",
        "MAR  0.358831  0.375550  0.242754 -0.053892  0.180855  \n",
        "ABR  0.062524  0.116200  0.123737 -0.067918  0.095305  \n",
        "MAY  0.169392  0.087796  0.186213 -0.015249  0.321185  \n",
        "JUN  0.270832  0.144868  0.168569  0.031637  0.221728  \n",
        "JUL  0.321052  0.249752  0.212348  0.134185  0.217443  \n",
        "AGO  1.000000  0.764994  0.301286  0.198491  0.136684  \n",
        "SEP  0.764994  1.000000  0.422501  0.136313 -0.065463  \n",
        "OCT  0.301286  0.422501  1.000000  0.481548  0.455119  \n",
        "NOV  0.198491  0.136313  0.481548  1.000000  0.707922  \n",
        "DIC  0.136684 -0.065463  0.455119  0.707922  1.000000  "
       ]
      }
     ],
     "prompt_number": 41
    },
    {
     "cell_type": "code",
     "collapsed": false,
     "input": [],
     "language": "python",
     "metadata": {},
     "outputs": []
    }
   ],
   "metadata": {}
  }
 ]
}